3 1.10850400326 0
13.6739677047 2.91016123352 0
13.6739677047 2.91016123352 0
13.6739677047 2.91016123352 0
13.6739677047 2.91016123352 0
13.6739677047 2.91016123352 0
13.6739677047 2.91016123352 0
13.6739677047 2.91016123352 0
13.6739677047 2.91016123352 0
13.6739677047 2.91016123352 0
13.6739677047 2.91016123352 0
13.6739677047 2.91016123352 0
13.6739677047 2.91016123352 0
13.6739677047 2.91016123352 0
13.6739677047 2.91016123352 0
13.6739677047 2.91016123352 0
13.6739677047 2.91016123352 0
13.6739677047 2.91016123352 0
13.6739677047 2.91016123352 0
13.6739677047 2.91016123352 0
13.6739677047 2.91016123352 0
13.6739677047 2.91016123352 0
13.6739677047 2.91016123352 0
13.6739677047 2.91016123352 0
13.6739677047 2.91016123352 0
13.6739677047 2.91016123352 0
13.6739677047 2.91016123352 0
13.6739677047 2.91016123352 0
13.6739677047 2.91016123352 0
13.6739677047 2.91016123352 0
13.6739677047 2.91016123352 0
13.6739677047 2.91016123352 0
13.6739677047 2.91016123352 0
13.6739677047 2.91016123352 0
13.6739677047 2.91016123352 0
13.6739677047 2.91016123352 0
13.6739677047 2.91016123352 0
13.6739677047 2.91016123352 0
13.6739677047 2.91016123352 0
13.6739677047 2.91016123352 0
13.6739677047 2.91016123352 0
13.6739677047 2.91016123352 0
13.6739677047 2.91016123352 0
13.6739677047 2.91016123352 0
13.6739677047 2.91016123352 0
13.6739677047 2.91016123352 0
13.6739677047 2.91016123352 0
13.6739677047 2.91016123352 0
13.6739677047 2.91016123352 0
13.6739677047 2.91016123352 0
13.6739677047 2.91016123352 0
13.6739677047 2.91016123352 0
13.6739677047 2.91016123352 0
13.6739677047 2.91016123352 0
13.6739677047 2.91016123352 0
13.6739677047 2.91016123352 0
13.6739677047 2.91016123352 0
13.6739677047 2.91016123352 0
13.6739677047 2.91016123352 0
13.6739677047 2.91016123352 0
13.6739677047 2.91016123352 0
13.6739677047 2.91016123352 0
13.6739677047 2.91016123352 0
13.6739677047 2.91016123352 0
13.6739677047 2.91016123352 0
13.6739677047 2.91016123352 0
13.6739677047 2.91016123352 0
13.6739677047 2.91016123352 0
13.6739677047 2.91016123352 0
13.6739677047 2.91016123352 0
13.6739677047 2.91016123352 0
13.6739677047 2.91016123352 0
13.6739677047 2.91016123352 0
13.6739677047 2.91016123352 0
13.6739677047 2.91016123352 0
13.6739677047 2.91016123352 0
13.6739677047 2.91016123352 0
13.6739677047 2.91016123352 0
13.6739677047 2.91016123352 0
13.6739677047 2.91016123352 0
13.6739677047 2.91016123352 0
13.6739677047 2.91016123352 0
13.6739677047 2.91016123352 0
13.6739677047 2.91016123352 0
13.6739677047 2.91016123352 0
13.6739677047 2.91016123352 0
13.6739677047 2.91016123352 0
13.6739677047 2.91016123352 0
13.6739677047 2.91016123352 0
13.6739677047 2.91016123352 0
13.6739677047 2.91016123352 0
13.6739677047 2.91016123352 0
13.6739677047 2.91016123352 0
13.6739677047 2.91016123352 0
13.6739677047 2.91016123352 0
13.6739677047 2.91016123352 0
13.6739677047 2.91016123352 0
13.6739677047 2.91016123352 0
13.6739677047 2.91016123352 0
13.6739677047 2.91016123352 0
13.6739677047 2.91016123352 0
13.6739677047 2.91016123352 0
13.6739677047 2.91016123352 0
13.6739677047 2.91016123352 0
13.6739677047 2.91016123352 0
13.6739677047 2.91016123352 0
13.6739677047 2.91016123352 0
13.6739677047 2.91016123352 0
13.6739677047 2.91016123352 0
13.6739677047 2.91016123352 0
13.6739677047 2.91016123352 0
13.6739677047 2.91016123352 0
13.6739677047 2.91016123352 0
13.6739677047 2.91016123352 0
13.6739677047 2.91016123352 0
13.6739677047 2.91016123352 0
13.6739677047 2.91016123352 0
13.6739677047 2.91016123352 0
13.6739677047 2.91016123352 0
13.6739677047 2.91016123352 0
13.6739677047 2.91016123352 0
13.9356179775 3.41213820304 1
13.991443662 3.38547098784 1
14.0005980066 3.45833895214 1
14.0153144654 3.47942955482 1
14.0287164179 3.44954754825 1
14.0150852273 3.41341220756 1
13.9640108401 3.39998444048 1
13.959119171 3.4115254997 1
13.9561042184 3.38502856225 1
13.9499761905 3.38831443362 1
13.9652860412 3.36234030324 1
14.0024008811 3.35756300349 1
14.0064118896 3.3447479427 1
14.0394672131 3.31788175587 1
14.0745544554 3.30166682434 1
14.0692337165 3.28288807518 1
14.0713851992 3.27225550078 1
14.0664136622 3.2434389819 1
14.0307210626 3.29463093763 1
14.0562049336 3.26324985843 1
14.0677229602 3.2399982595 1
14.0469070209 3.22421248039 1
14.07971537 3.20711508699 1
14.0907210626 3.19848268626 1
14.1235863378 3.20405794327 1
14.0935104364 3.23953982253 1
14.1003605313 3.20450491822 1
14.0535104364 3.17650500413 1
14.0058444023 3.17762202718 1
13.9735863378 3.17235255984 1
13.9381593928 3.16153344977 1
13.8825616698 3.16786713873 1
13.8406451613 3.15074255858 1
13.8215180266 3.08389647412 1
13.7999240987 3.04344548998 1
13.8028652751 3.0504006386 1
13.8129981025 3.03960175467 1
13.8670588235 3.02368047492 1
13.8673434535 3.0164216206 1
13.8571537002 3.02102591624 1
13.824459203 3.0024871252 1
13.7977419355 2.98937771317 1
13.7563567362 2.97440220052 1
13.7504743833 2.96085339326 1
13.7155597723 2.96374115194 1
13.6469829222 2.96585348383 1
13.6132637571 2.95075184926 1
13.6036053131 2.92970701175 1
13.59028463 2.94245734753 1
13.6367741935 2.88675213057 1
13.6134724858 2.86067148428 1
13.5933586338 2.84970959604 1
13.5670588235 2.82789780081 1
13.5489563567 2.83227096067 1
13.5375711575 2.85304536483 1
13.5180265655 2.82464633125 1
13.5591650854 2.77613931417 1
13.5782163188 2.77386859864 1
13.5945351044 2.79450841875 1
13.6000948767 2.814985056 1
13.5792409867 2.82402306416 1
13.5481214421 2.84386352913 1
13.5876091082 2.83262107976 1
13.5745920304 2.84928230817 1
13.5942314991 2.83096131134 1
13.5752182163 2.82158934728 1
13.5453510436 2.81575865215 1
13.5422770398 2.82139822803 1
13.479943074 2.81236883033 1
13.4407779886 2.80966216561 1
13.4130550285 2.78177528368 1
13.4185009488 2.78338030522 1
13.4448387097 2.77382323944 1
13.4610436433 2.78423157921 1
13.4165844402 2.81718397946 1
13.415085389 2.81578115615 1
13.4299051233 2.82981078492 1
13.4458254269 2.84705698755 1
13.4471157495 2.86492377616 1
13.505597723 2.82520102139 1
13.5112333966 2.83493050803 1
13.509487666 2.82303990403 1
13.4912903226 2.81510244111 1
13.539544592 2.79147980255 1
13.5622201139 2.77270965411 1
13.5640417457 2.75997854013 1
13.5378368121 2.74616481065 1
13.5462428843 2.75991264289 1
13.5088614801 2.75601406568 1
13.5076470588 2.74056275005 1
13.5467741935 2.7027781497 1
13.5841745731 2.67008117674 1
13.634516129 2.62282292542 1
13.5934155598 2.61584345498 1
13.5920493359 2.61278124424 1
13.5815939279 2.62958947377 1
13.6149905123 2.6512461289 1
13.6235104364 2.65933537742 1
13.634288425 2.66163616028 1
13.6975521822 2.65848399519 1
13.7734345351 2.62779124946 1
13.7984060721 2.65343921353 1
13.8090702087 2.65559343844 1
13.7788235294 2.6851163744 1
13.739886148 2.71133383517 1
13.7879886148 2.67888982593 1
13.7759392789 2.66405045898 1
13.7611195446 2.64181850588 1
13.7669259962 2.64494360133 1
13.7918406072 2.61821025373 1
13.7832258065 2.61103264544 1
13.7909487666 2.58113060882 1
13.8346679317 2.54904623813 1
13.8846489564 2.55557301621 1
13.8727703985 2.60497613719 1
13.8801897533 2.61456122173 1
13.8627703985 2.60304309894 1
13.8532447818 2.62858972418 1
13.8156166983 2.62806495866 1
13.830170778 2.61178947608 1
13.8661100569 2.63882546952 1
13.8510056926 2.63440434425 1
13.8033206831 2.7124254607 1
13.7580265655 2.75474335049 1
13.7728652751 2.7478092115 1
13.8138519924 2.74404640035 1
13.8018216319 2.73848222347 1
13.765142315 2.75209638874 1
13.7205313093 2.75819437659 1
13.6799810247 2.75117399753 1
13.5779127135 2.83999059603 1
13.5165464896 2.8333460833 1
13.5241555977 2.80010700476 1
13.5385009488 2.76057280238 1
13.5403605313 2.74395215773 1
13.5030170778 2.74387756175 1
13.4683301708 2.72114349515 1
13.4579886148 2.72891901464 1
13.4693398058 2.746411658 1
13.4669477912 2.74483541401 1
13.4343659044 2.75829175382 1
13.3953017241 2.78191496647 1
13.3798657718 2.80964809246 1
13.3464651163 2.83427433721 1
13.2853510896 2.83784269309 1
13.2529545455 2.81464031615 1
13.2008970976 2.81959484077 1
13.2031491713 2.82943707387 1
13.1909855072 2.84209259262 1
13.1902439024 2.84291101859 1
13.1389389068 2.8809023843 1
13.057585034 2.82533164889 1
13.0250180505 2.82615432676 1
13.0710384615 2.75204256865 1
13.6739677047 2.91016123352 0
13.6739677047 2.91016123352 0
13.6739677047 2.91016123352 0
13.6739677047 2.91016123352 0
13.6739677047 2.91016123352 0
13.6739677047 2.91016123352 0
13.6739677047 2.91016123352 0
13.6739677047 2.91016123352 0
13.6739677047 2.91016123352 0
13.6739677047 2.91016123352 0
13.6739677047 2.91016123352 0
13.6739677047 2.91016123352 0
13.6739677047 2.91016123352 0
13.6739677047 2.91016123352 0
13.6739677047 2.91016123352 0
13.6739677047 2.91016123352 0
13.6739677047 2.91016123352 0
13.6739677047 2.91016123352 0
13.6739677047 2.91016123352 0
13.6739677047 2.91016123352 0
13.6739677047 2.91016123352 0
13.6739677047 2.91016123352 0
13.6739677047 2.91016123352 0
13.6739677047 2.91016123352 0
13.6739677047 2.91016123352 0
13.6739677047 2.91016123352 0
13.6739677047 2.91016123352 0
13.6739677047 2.91016123352 0
13.6739677047 2.91016123352 0
13.6739677047 2.91016123352 0
13.6739677047 2.91016123352 0
13.6739677047 2.91016123352 0
13.6739677047 2.91016123352 0
13.6739677047 2.91016123352 0
13.6739677047 2.91016123352 0
13.6739677047 2.91016123352 0
13.6739677047 2.91016123352 0
13.6739677047 2.91016123352 0
13.6739677047 2.91016123352 0
13.6739677047 2.91016123352 0
13.6739677047 2.91016123352 0
13.6739677047 2.91016123352 0
13.6739677047 2.91016123352 0
13.6739677047 2.91016123352 0
13.6739677047 2.91016123352 0
13.6739677047 2.91016123352 0
13.6739677047 2.91016123352 0
13.6739677047 2.91016123352 0
13.6739677047 2.91016123352 0
13.6739677047 2.91016123352 0
13.6739677047 2.91016123352 0
13.6739677047 2.91016123352 0
13.6739677047 2.91016123352 0
13.6739677047 2.91016123352 0
13.6739677047 2.91016123352 0
13.6739677047 2.91016123352 0
13.6739677047 2.91016123352 0
13.6739677047 2.91016123352 0
13.6739677047 2.91016123352 0
13.6739677047 2.91016123352 0
13.6739677047 2.91016123352 0
13.6739677047 2.91016123352 0
13.6739677047 2.91016123352 0
13.6739677047 2.91016123352 0
13.6739677047 2.91016123352 0
13.6739677047 2.91016123352 0
13.6739677047 2.91016123352 0
13.6739677047 2.91016123352 0
13.6739677047 2.91016123352 0
13.6739677047 2.91016123352 0
13.6739677047 2.91016123352 0
13.6739677047 2.91016123352 0
13.6739677047 2.91016123352 0
13.6739677047 2.91016123352 0
13.6739677047 2.91016123352 0
13.6739677047 2.91016123352 0
13.6739677047 2.91016123352 0
13.6739677047 2.91016123352 0
13.6739677047 2.91016123352 0
13.6739677047 2.91016123352 0
13.6739677047 2.91016123352 0
13.6739677047 2.91016123352 0
13.6739677047 2.91016123352 0
13.6739677047 2.91016123352 0
13.6739677047 2.91016123352 0
13.6739677047 2.91016123352 0
13.6739677047 2.91016123352 0
13.6739677047 2.91016123352 0
13.6739677047 2.91016123352 0
13.6739677047 2.91016123352 0
13.6739677047 2.91016123352 0
13.6739677047 2.91016123352 0
