




















RUN    TRT FLO MAT TOPWT HARWT  RAIN  TIRR   CET  PESW  TNUP  TNLF   TSON TSOC
           dap dap kg/ha kg/ha    mm    mm    mm    mm kg/ha kg/ha  kg/ha t/ha
  1 MZ   1  76 128  6556  2293   661    13   290   143    98    41   8675   87
  2 MZ   2  76 128  7538  2293   661    13   333   138   132   241   8675   87
  3 MZ   3  76 128 14578  8207   661   264   428   143   137    13   8668   87
  4 MZ   4  76 128 22454 11854   661   264   471   135   249    86   8669   87
  5 MZ   5  76 128 13458  7718   661   201   389   143   132    15   8670   87
  6 MZ   6  76 128 19234 10293   661   201   441   136   224   108   8671   87
