




















RUN    TRT FLO MAT TOPWT HARWT  RAIN  TIRR   CET  PESW  TNUP  TNLF   TSON TSOC
           dap dap kg/ha kg/ha    mm    mm    mm    mm kg/ha kg/ha  kg/ha t/ha
  1 MZ   1  76 128  6538  2294   661    13   289   143    98    41   8675   87
  2 MZ   2  76 128  7578  2330   661    13   333   138   132   241   8676   87
  3 MZ   3  76 128 14540  8190   661   264   427   144   136    13   8669   87
  4 MZ   4  76 128 22456 11854   661   264   471   135   249    86   8670   87
  5 MZ   5  76 128 13411  7702   661   201   388   143   131    15   8670   87
  6 MZ   6  76 128 19230 10291   661   201   441   136   224   108   8672   87
